0	1000	0	0
3	1000	0	0
0	1000	0	0
3	1000	0	0
2	0	200	956925249
3	1	0	0
2	3	200	1804922739
3	1	0	0
2	1	200	1313075020
3	2	0	0
2	2	200	2210378385
3	4	0	0
2	4	200	239839988
3	5	0	0
2	5	200	1548985952
3	6	0	0
2	7	200	3806044821
3	6	0	0
2	8	200	2784846758
3	6	0	0
2	6	200	1763264621
3	9	0	0
2	8	200	2784846758
3	9	0	0
2	9	200	3218919658
3	10	0	0
2	11	200	2533146910
3	10	0	0
2	11	200	2533146910
3	10	0	0
2	12	200	3696886472
3	10	0	0
2	10	200	3413531016
3	13	0	0
2	12	200	3696886472
3	13	0	0
2	10	200	3413531016
3	13	0	0
2	11	200	2533146910
3	13	0	0
2	12	200	3696886472
3	13	0	0
2	13	200	816557987
3	14	0	0
2	15	200	4153297364
3	14	0	0
2	13	200	816557987
3	14	0	0
2	14	200	1917040799
3	16	0	0
2	17	200	936455288
3	16	0	0
2	16	200	3556030593
3	18	0	0
2	19	200	3704682178
3	18	0	0
2	20	200	3113112853
3	18	0	0
2	19	200	3704682178
3	18	0	0
2	19	200	3704682178
3	18	0	0
2	18	200	4281060157
3	21	0	0
2	19	200	3704682178
3	21	0	0
2	21	200	673750343
3	22	0	0
2	22	150	3694561904
3	23	0	0
2	21	200	673750343
3	23	0	0
2	22	150	3694561904
3	23	0	0
1	1000	0	0
3	1000	0	0
